Seed = 12344. RAND_MAX = 2147483647.
thread = 1
N0 = 2371617, N1 = 753383
area = 1.506766
runtime = 37.992029
Seed = 12344. RAND_MAX = 2147483647.
thread = 1
N0 = 2371620, N1 = 753380
area = 1.506760
runtime = 18.975442
Seed = 12344. RAND_MAX = 2147483647.
thread = 1
N0 = 2371673, N1 = 753327
area = 1.506654
runtime = 9.492570
Seed = 12344. RAND_MAX = 2147483647.
thread = 1
N0 = 2371577, N1 = 753423
area = 1.506846
runtime = 7.599853
