Seed = 12344. RAND_MAX = 2147483647.
thread = 1
N0 = 2371601, N1 = 753399
area = 1.506798
runtime = 38.000392
Seed = 12344. RAND_MAX = 2147483647.
thread = 1
N0 = 2371595, N1 = 753405
area = 1.506810
runtime = 19.045514
Seed = 12344. RAND_MAX = 2147483647.
thread = 1
N0 = 2371634, N1 = 753366
area = 1.506732
runtime = 9.606094
Seed = 12344. RAND_MAX = 2147483647.
thread = 1
N0 = 2371626, N1 = 753374
area = 1.506748
runtime = 7.694425
