Seed = 12344. RAND_MAX = 2147483647.
thread = 1
N0 = 2371679, N1 = 753321
area = 1.506642
runtime = 37.981366
Seed = 12344. RAND_MAX = 2147483647.
thread = 1
N0 = 2371635, N1 = 753365
area = 1.506730
runtime = 18.979757
Seed = 12344. RAND_MAX = 2147483647.
thread = 1
N0 = 2371699, N1 = 753301
area = 1.506602
runtime = 9.491153
Seed = 12344. RAND_MAX = 2147483647.
thread = 1
N0 = 2371664, N1 = 753336
area = 1.506672
runtime = 7.593651
