threads = 2
Seed = 12344. RAND_MAX = 2147483647.
N0 = 2371541, N1 = 753459
area = 1.506918
runtime = 38.094166
threads = 4
Seed = 12344. RAND_MAX = 2147483647.
N0 = 2371677, N1 = 753323
area = 1.506646
runtime = 19.280009
threads = 8
Seed = 12344. RAND_MAX = 2147483647.
N0 = 2371677, N1 = 753323
area = 1.506646
runtime = 9.565596
threads = 10
Seed = 12344. RAND_MAX = 2147483647.
N0 = 2371706, N1 = 753294
area = 1.506588
runtime = 7.613188
